0.44387192305622986 3.6563535125097197 0.008451738636122913 1.9797605509517425e-05 0.7305716744078529 0.11722687440159046 0.039855144184754776 0.042961938790619686 0.03958436516473042 0.06575331463870512 0.03834924607721165 0.03138457437693428 0.0512748672016379 0.085804987164027 0.11309431745098773 0.04570930664614624 0.027176322705462337 0.04002000893916461 0.06095679136980973 0.041884797725010615 0.04043999905333808 0.04618766486576928 0.0723354792441004 0.0 
0.4309022244416805 3.7586092243100997 0.010619796577586741 2.0755242343622614e-05 0.7187785879161575 0.127818662581161 0.04067735091278918 0.036345331805684875 0.03561885802151585 0.07686572049215812 0.036587318440561956 0.03418520759172321 0.043284399057732285 0.07528522658580868 0.12287283065432326 0.038937839878137565 0.036393218309539725 0.04611381221801844 0.060732982072148264 0.04095950771810576 0.03439351376404166 0.03526794844846053 0.07766027144808951 0.0 
0.45687590583146803 3.5541874354376555 0.011971307022713342 2.068297890429252e-05 0.7353088719899349 0.12690919387194768 0.03727471177126704 0.028740349953276054 0.037672390390084264 0.07477695181491843 0.03558441023169372 0.03699545693671091 0.04830745555334801 0.10689666193628637 0.09739961745604427 0.03476656718808051 0.02563685143980576 0.03431967749508908 0.0825513379417573 0.0391065136814106 0.03483950644217943 0.042344159364055986 0.07587818653204427 0.0 
0.45819028532490497 3.5547400297077183 0.009637626785047598 2.0300453223054632e-05 0.7300561836559386 0.08841878464314877 0.023557879554993975 0.0251386044556575 0.04343602995131321 0.0988106333768422 0.04410597834978206 0.038580630215106534 0.058616777588778195 0.0677272854590024 0.07456958727753979 0.047559623377271196 0.04919901098033707 0.04181524023241432 0.06901883053117547 0.03741820465250221 0.04519220254951476 0.05675163073282185 0.09008306607179846 0.0 
0.39675515971494213 4.04038837035655 0.013352651453335425 2.3809270682153746e-05 0.7031792494911483 0.10647038834120706 0.03978545371195049 0.04345919955167261 0.03871745747926568 0.09070256817232612 0.04347247248969024 0.03805673287992083 0.03990204875214073 0.07568732142445828 0.09715397071110222 0.033938724316519835 0.03394988089722795 0.03742626619188064 0.11372082187738526 0.03533877481519096 0.03471936777376853 0.034378341157427605 0.06312020945686514 0.0 
0.45737261935780144 3.5264638048688473 0.009715595172392255 1.972523003776399e-05 0.7448791996803467 0.09853318467922458 0.03748528754187677 0.041081333952586244 0.04292914015278245 0.10237991483374824 0.0418586710348361 0.036298562342966786 0.03596327526509749 0.06520721357988762 0.09645762520771908 0.044625884690870074 0.0423258751479748 0.04543660388227469 0.07690906945722359 0.04661836792376068 0.05221051784732202 0.03817543641663044 0.05550403604321804 0.0 
0.37700776166204736 4.228884222331812 0.009994814608293368 1.9810642420540187e-05 0.6750263505600931 0.0802993691377128 0.03450691610613363 0.04092296117319233 0.0589452210236593 0.07937286451411102 0.03269468804827189 0.02959153031867618 0.04977991931089605 0.09836414428787206 0.08412970007575525 0.043134713065413555 0.03582721650973558 0.03330146293532964 0.0785816979007038 0.04473635830388756 0.04743738027667015 0.047852274924719156 0.08052158208726018 0.0 
0.445203222452628 3.624991108031764 0.010109195252056637 2.167938185697551e-05 0.7403950790514308 0.1121716607101178 0.031796992671400404 0.029824802406453115 0.027635934654991662 0.10861945776271695 0.030387816542195856 0.030301193312979695 0.054951877168073156 0.0868778778468635 0.09549891233136439 0.03933832630412253 0.0336861625423739 0.04183429839505859 0.06590436809580798 0.04595327774031482 0.03861111374230333 0.049490530949705354 0.07711539682315682 0.0 
0.4467795553392236 3.6286573911021103 0.009125744357375455 2.1305718432485266e-05 0.7336207111673899 0.09326937121569073 0.03158967327280926 0.03715803215520884 0.05287386303577423 0.09068021884238983 0.06351030915950437 0.05359265987588336 0.031503179307471596 0.04717504786111525 0.08789485742452365 0.041473572325953265 0.041299101761086955 0.03900290749037115 0.10250773018431966 0.050400814235954446 0.051831617853785816 0.03596143778081851 0.04827560621733904 0.0 
0.4188999393504248 3.837643891532565 0.008990072842305932 2.1190434952290973e-05 0.7217802681846348 0.11092574640908445 0.04115032327658061 0.0408813635872739 0.030212794356989408 0.09553531875365341 0.033064369832207875 0.03334799228391318 0.0469423582033892 0.08316351945597761 0.10039642126926135 0.042018928167555904 0.031412268702179585 0.0459251941344971 0.07121586638332389 0.04153821990883168 0.047816523804045594 0.040316561700506494 0.0641362297707289 0.0 
0.4559172698794352 3.5553244692592316 0.010089936138183585 1.97648621079053e-05 0.7359961307153012 0.1133736069346515 0.04103965074173297 0.038336894688508 0.028569213746989997 0.09694185793087216 0.03888865396499112 0.030289444118828068 0.04087600913833672 0.08290254931024994 0.10266468531687976 0.043566934371395305 0.033093216814377505 0.046806638877131976 0.07512062175576381 0.037971392802155515 0.034266242782473894 0.04491889479167098 0.07037349191299029 0.0 
0.421035517744282 3.8389580613133605 0.010856727476588775 2.1751113260902595e-05 0.7221051801363548 0.10788732890984484 0.02749523927214965 0.04164569421376793 0.034200744656311136 0.10013343730072204 0.03925326292736003 0.04428406266794294 0.052928957607220294 0.06206815318550433 0.08820295092783435 0.045575958413175854 0.03936481067905305 0.04344245230389473 0.07604564871905276 0.04419877470475087 0.04774966542117412 0.04411660913284879 0.06140624895739265 0.0 
0.46671945288362565 3.465924889445671 0.00905482507336493 2.2005992676642746e-05 0.745736414681118 0.11885063508828 0.034825909039167206 0.027911039044174905 0.028493149945482944 0.11289589741102868 0.04036513154175712 0.027716118861992958 0.04254321709268558 0.08711911584802391 0.10083288424984949 0.030528360690590988 0.028386452092039806 0.0432411403653513 0.09186046460176853 0.039203648342915995 0.03958451093871036 0.04368839172252926 0.06195393312365145 0.0 
0.45623494285686117 3.557951461843081 0.008331306518423804 1.9251184434841374e-05 0.7360378409715393 0.1221824028628564 0.05251553767706743 0.03454053632455909 0.03318905399581502 0.07262638357870607 0.032907165483481375 0.041624193888980074 0.04286476412712152 0.09167852844582693 0.10652893702600397 0.03884962963236016 0.033034101212548996 0.03991043231551302 0.07449823950435108 0.03775472779256596 0.03528937584948591 0.03382253053244739 0.07618345975031038 0.0 
0.4543500337485099 3.525035921535651 0.00900058079976148 1.853049851220101e-05 0.7409876830651849 0.13236688083994133 0.042682862496363515 0.029779207123797957 0.034717981615640194 0.0800852102487646 0.029430798830510505 0.03354717107768233 0.05845286013144002 0.08237085131676948 0.1106131272216847 0.04698184668528536 0.028382048262413643 0.03956854240508688 0.05337602720371807 0.04272798485958554 0.053100867753007534 0.046288174176141464 0.055527557752166695 0.0 
0.46428964904940384 3.4917910851132654 0.009918831746775665 2.026814622520771e-05 0.7411067965637859 0.11062629384436373 0.04143318312943183 0.030589218819667186 0.03311969671502402 0.08898733431473912 0.042745714004609234 0.02970337719456017 0.041499741919916164 0.10784387597114145 0.09039310775005885 0.034934814546200364 0.027968481655779052 0.04528747519331338 0.07372111165493996 0.042863900288091325 0.03940012977745842 0.040791444206148206 0.0780910990145575 0.0 
0.47300618724426724 3.4217334833267703 0.0073783100860590764 1.8333169913065546e-05 0.7497634820398006 0.13457869754820756 0.041794853258875976 0.03704440536083907 0.02564926977268571 0.07165011462493304 0.04283031707477031 0.04421240903730807 0.04264380100536921 0.09522399772657471 0.1074758927609981 0.03713632244014701 0.029138945867025 0.040577520637900016 0.055721869612008514 0.042398899996696944 0.04744583418036107 0.05296052684229424 0.051516322253004905 0.0 
0.42509409771528095 3.811612912664451 0.009946598692822642 2.0582662994704463e-05 0.7199381074144126 0.09702606157452859 0.039259038208786935 0.041624060496457914 0.03781576528357202 0.09029672775654651 0.037618296406607334 0.04989942554622971 0.047842161719020435 0.06105429971678351 0.09353684229458935 0.043821418438488746 0.03978313441812021 0.04286805175100446 0.0832405800777805 0.038470746907632074 0.04781183723818988 0.04529825171908537 0.06273330044657624 0.0 
0.4790903709337622 3.356415041683903 0.009335877957440817 1.6859415194522283e-05 0.7625272743493106 0.14190464593676919 0.041706150461378086 0.03909439444648615 0.03906465032484498 0.05272275603614972 0.039144629343272806 0.04202424168818963 0.037891083229376156 0.09930439928086458 0.11171491620554692 0.044416564360799535 0.03402255431837726 0.026962907191473595 0.0760921060700254 0.023172375767332876 0.05108054076594581 0.0388271948697392 0.060853889703427935 0.0 
0.4713754271573371 3.440223348433587 0.009638007587488666 1.922582901064438e-05 0.7412776533210427 0.09074960817389853 0.0478904143344196 0.03968303145773017 0.04127759846059489 0.08589491636078335 0.04265891226291055 0.04193098952952984 0.04398033190372659 0.07936226092994239 0.08826087800305926 0.0434528146842009 0.031560222857247286 0.03995396324706208 0.07512073745421019 0.056291058771398075 0.05308473679751467 0.04369915208825395 0.05514837268351774 0.0 
0.4568383359489168 3.538341288596934 0.00872987527914044 1.9496989289586585e-05 0.7457266127120198 0.1294090810524645 0.04252973064423656 0.030647217332703015 0.028892901333071333 0.0863248108692446 0.028787163302685038 0.036624613063295806 0.06538143483627751 0.07007267274169846 0.11252337224681655 0.04779542441143225 0.025535381876187938 0.035382800603497966 0.0698604168492881 0.03319918910325215 0.042352084494140636 0.05545061180870927 0.059231093430998416 1.0 
0.47093941186620714 3.436375156205961 0.008546777435770356 2.012442889554477e-05 0.7519939020279828 0.12739248081090457 0.03933217999421376 0.02978907581696989 0.03079075690553539 0.09866843129554484 0.029058582510820514 0.02431126834026751 0.0416109471008048 0.10026730699608442 0.11737879118287359 0.028766678714018595 0.03180054421780223 0.03709085794298255 0.07023757921802389 0.04610580720611943 0.03554994667959822 0.04275719192175514 0.06909157314568042 1.0 
0.47579194428024063 3.4014352099141383 0.009384621886519968 2.0295660664629694e-05 0.7467066863902375 0.14768473350062541 0.037231889818045406 0.038713078447138255 0.04147733433983698 0.05880903633338702 0.03027056616220872 0.03566413844300944 0.03869599292986209 0.1014935817200553 0.12295468588493434 0.03997252929504419 0.03173520279684043 0.03322294662531145 0.061908438856217544 0.03757073818673407 0.035299129874266665 0.03636972135053405 0.07092625543594885 1.0 
0.4797673986173817 3.3741339536981094 0.020772436156699083 1.9481923935894083e-05 0.745563300105188 0.10180148642261998 0.03459746210641037 0.042641426240158105 0.049931721706976955 0.09614024930880707 0.042804759721746695 0.039938911152015866 0.037693917220113844 0.06874081827456052 0.08993107010055906 0.030953235232455974 0.04467672074495915 0.056848855378298695 0.07960801686672869 0.05269825519716606 0.04532431027337114 0.029522763518826326 0.05614602053422565 1.0 
0.4521887109415468 3.581120742410587 0.0071700598156383966 2.054486630410463e-05 0.7458048711397391 0.1197667769245015 0.034486302115934855 0.035882012190666106 0.02773967455081763 0.08598893695566452 0.036613687498203276 0.04069412166426214 0.056981189835100386 0.0819939429843112 0.10962024900587108 0.03189029869305704 0.024067122624152493 0.034946196817080076 0.07411939420636904 0.04977064763662575 0.04869566804183614 0.04305275810800707 0.06369102014753956 1.0 
0.3661190515195572 4.315946874628894 0.011177677020250121 2.0138267335833625e-05 0.6722485463031933 0.0945899627560588 0.043367406313525016 0.0399317768773049 0.0565779156380614 0.09073033579808486 0.03189564396121596 0.028529359344987 0.04110673120999499 0.07014551651026556 0.08999859277956589 0.054625322521114135 0.04900272538487712 0.044464970774181066 0.08207741642906764 0.03596603428879001 0.03455517937487349 0.03717459657478096 0.0752605134632513 1.0 
0.45139578802469565 3.588647792016416 0.009313009128415465 1.991210099312011e-05 0.7428977314974313 0.13620291263388415 0.04589695130992062 0.0350369513184351 0.027124994232908334 0.0780410602610245 0.0380250285879227 0.036795556108104935 0.04411050515615334 0.08568317714004571 0.11763525138374882 0.037568774263069565 0.02778448247494006 0.043956756618705725 0.06586628136048828 0.04055472485184606 0.038511114163467974 0.04344877067608892 0.057756707459244834 1.0 
0.4493113479800518 3.6123713446589094 0.008261824064071171 1.9945419898532048e-05 0.7354685288571386 0.10738667387747934 0.04570803156831985 0.036045656114567656 0.03146299072558805 0.08189403824540782 0.03883984486848192 0.040390638907249275 0.051334143105399736 0.0685610961003832 0.11779104240204241 0.03554035123188391 0.02792395124731726 0.04279466545985911 0.06936020538618076 0.0473578862506065 0.04385981601436679 0.046880295544591 0.06686867295027508 1.0 
0.4484699872644327 3.6120155706480457 0.009095359242468362 2.2373480089765855e-05 0.7409417760205029 0.13122703134088723 0.044399391414093416 0.03941575889949956 0.029132763052567984 0.07474655453752468 0.03694759796533261 0.04141568953901997 0.04482726812433449 0.07402958550648521 0.1272274208189705 0.03652067829725068 0.02721394080171747 0.02901390156856692 0.08642176761059686 0.03592363071614002 0.045865194428033725 0.035417764970664185 0.06025406040831463 1.0 
0.4509112754788778 3.598424059650152 0.008441336524713294 2.1142606403318776e-05 0.7346456860185069 0.1198233849510436 0.04235442622939916 0.037524168497759455 0.03864723010551979 0.06403085432838684 0.03985725925217579 0.03551761687189218 0.045309850536960926 0.08043613408163151 0.12115035688369848 0.04705102911955367 0.026800196516662423 0.038733773146879084 0.06454337453975031 0.03854454804893486 0.03840260057124884 0.043026082899530096 0.07824711341897274 1.0 
0.4459955445517669 3.632214550587936 0.010152112782125168 2.0143721888462778e-05 0.7303457408261942 0.116643976244527 0.05097328463166515 0.04184403593386268 0.02912402361915647 0.07744947858056352 0.031747039875490865 0.03697949921732242 0.04515062787526665 0.08770481322752512 0.10891948243797989 0.04690676923721395 0.033052727087921875 0.04128486492747811 0.05764675622367395 0.0418780984188346 0.04094355546461327 0.04364617824810982 0.06810478874879462 1.0 
0.4709033909668194 3.4272928529139075 0.008676076288902598 1.9411823004441403e-05 0.7521616019172949 0.12320223565480548 0.04040112974614156 0.03407845177131314 0.025609317974002472 0.09399861086563938 0.030011198424056217 0.029614714691634157 0.05805210142008062 0.08568329789185081 0.11152920969374042 0.03611337085003758 0.0252868796107737 0.035548361569929514 0.07707415369677534 0.04121815357847908 0.04368620091776789 0.04033384079499437 0.06855877084797839 1.0 
0.4567348200639588 3.533472497880531 0.009198279314362783 2.1294664996990423e-05 0.7492845298116784 0.13031880084859432 0.03944152958303888 0.03944778787926527 0.03154337638318336 0.10018720945067566 0.03129226221161966 0.029852341791171317 0.03206630112384061 0.09607948988647246 0.10119543116658343 0.04741204338662585 0.028764954012276564 0.041842081573932446 0.07909144278322537 0.03977187101523091 0.03620083954003365 0.036618175252701925 0.05887406211152843 1.0 
0.44662158721986017 3.6289187567205423 0.012328042262866231 2.0747207116042297e-05 0.7310373316865374 0.11381581228368622 0.0517471919036871 0.04651644042653377 0.04116153273006602 0.05916493005502668 0.03929966186629996 0.03718978151916179 0.0404931543706059 0.0722293329045516 0.13840560518028475 0.030814986413619943 0.027005722094726042 0.04157563559037532 0.07599354830581781 0.04600983989586886 0.03630251997219194 0.032955753068309744 0.06931855141918626 1.0 
0.4713736966771561 3.4339519155409697 0.016346650423556843 2.0894249198189492e-05 0.7467238008683152 0.10059854108709398 0.03782913993218229 0.04492089324273222 0.03569195244016503 0.08510339258688242 0.034030712500354415 0.043108776607557776 0.04672852787296531 0.07028989181907785 0.10653974899174257 0.0452995130814115 0.0403170247564508 0.04008188147519541 0.055688252758381095 0.04442771750338762 0.053788875666952674 0.049688175374497545 0.06586698230296907 1.0 
0.46931393396832793 3.451440436869427 0.00907178112327322 1.9981227643188626e-05 0.7473846886208918 0.13005037724920465 0.04297935115071907 0.03218829308923417 0.029846665321569574 0.08837907157266056 0.03210910188070831 0.031192865927708844 0.04644355251872549 0.086632126548761 0.11299841607886399 0.04222970611016439 0.03418815312765914 0.03567074117083799 0.060799847833017916 0.045452738394837724 0.04067669091589869 0.04434740406464724 0.06381489704478095 1.0 
0.4899100214612245 3.2940673784730796 0.009189995340492852 2.1091063841382845e-05 0.7574376348627446 0.13457441852328375 0.03217656910874139 0.03152381824481258 0.030358981098876036 0.09629695254345802 0.022649346097133597 0.02655721156520022 0.046625166333439355 0.10260924189235683 0.11500747238329706 0.037896735005562836 0.026448097036228788 0.029421633428626214 0.06917117863451468 0.045209102650583956 0.03659128922960153 0.04313292344832794 0.07374986277595517 1.0 
0.4443446132618612 3.6552251586273323 0.008338946899669719 1.943039545339624e-05 0.7259446495841589 0.11486028966767832 0.04325104183681935 0.035492207173730965 0.04370351177666158 0.05725422500732979 0.04676231729340356 0.03254292850720796 0.052334598713513314 0.1022728996002609 0.09273465364972029 0.038446518991080245 0.030559312673219118 0.04345056133705024 0.0672700536740197 0.039086041098055704 0.04322220607758546 0.045037814432252826 0.0717188184904108 1.0 
0.4393747837066016 3.673966788579156 0.007823217515707836 1.7588275117312888e-05 0.7414662845158497 0.1375176420491357 0.04038356927869814 0.045321318989346125 0.03994845586825801 0.0616790762579213 0.028890781805697617 0.028226037923518674 0.04215291965013809 0.10015622201436523 0.13422020247140057 0.037267271726170614 0.029165171303580498 0.03318444807879417 0.05055888827489034 0.04329584908786137 0.04004389146422994 0.04977246893211927 0.05821578482387464 1.0 
0.40185707215980776 3.9946473851490234 0.010094200395550946 2.3134867244618637e-05 0.7064837785231245 0.08696676214910837 0.03182617133859443 0.04730810961981572 0.02922054972288133 0.09427754126356594 0.030886989486653957 0.041282727773295336 0.05403205264351656 0.07323127341220902 0.08963210926226514 0.05726139246071055 0.038752514064568096 0.03533969561514536 0.060324470666209794 0.037134786928869505 0.061531379260440736 0.05401859280037908 0.076972881531771 1.0 
0.46106064187568563 3.5131638555348736 0.007555116781113473 1.924592039384785e-05 0.7486687601969306 0.11214108782741271 0.03165190299564061 0.029813364706371713 0.030332051172882676 0.09648440479781592 0.034268373742509614 0.03407724885121659 0.05449114222677374 0.08746069886003015 0.10425130234147581 0.03520359008561381 0.02734950170091872 0.04523914691861667 0.05992483962507054 0.041753138364393455 0.05201427408911696 0.052308703050650246 0.07123522864349013 2.0 
0.4914792509300796 3.2575049158015035 0.019761781611594607 2.0868253541031226e-05 0.7649073035209218 0.09898663050359316 0.025764964435833534 0.04702481424239451 0.03122610097002031 0.10914366618287503 0.04616725172464329 0.04362764117261791 0.036183074956195944 0.0717438672059834 0.09359281449599814 0.02696002621874259 0.03493745924509436 0.04431289698883701 0.09759236160860413 0.046439320067077024 0.05718424180262983 0.026963160490381267 0.062149707688478564 2.0 
0.45458373619217035 3.5713365529617627 0.009950787519674504 1.992371234006558e-05 0.7328358006433271 0.12826950508983784 0.04592643742493098 0.035425093802906545 0.034696553523699124 0.06587397447445391 0.03679845812941532 0.04248380858269135 0.0488328989720783 0.09593977569666978 0.10238512414165128 0.0314536466396331 0.03667562310434372 0.034762221326049336 0.074007770579653 0.04158691024807179 0.04712670543702463 0.03290964786581466 0.06484584496107516 2.0 
0.4727040666836564 3.404848221279515 0.00882113646990754 1.7895728876810413e-05 0.7535321729873212 0.1385644495320054 0.04734264301676647 0.0385776725846295 0.029746354730414124 0.05829631062505008 0.03337018263947179 0.03192408220381331 0.051993022324215946 0.07978059128966752 0.13144717650245533 0.047996219243610916 0.027617984936191567 0.03990604340520009 0.055709184514448624 0.03635729714297257 0.032970837812143015 0.036914774126526995 0.081485173370417 2.0 
0.44161210682486973 3.6662477926591404 0.008092256265260894 1.9615473750638695e-05 0.7347198432577968 0.11824291858199004 0.03189993732673561 0.034078067448859314 0.03960859295836137 0.0812518805128792 0.043319056394606155 0.03418832949269869 0.04784080004074896 0.0846256269561201 0.1076332922791616 0.03105637877923074 0.031714918121304524 0.04184668888457722 0.07250907876460468 0.04726258531098821 0.040990167082692354 0.04159871641124889 0.0703329646531926 2.0 
0.5039722883094322 3.175966436360448 0.00823175405405945 1.622403810549606e-05 0.7755735900202627 0.13460482374710295 0.05085637486293021 0.03940640052535572 0.03859845358694997 0.059413632312821534 0.03145638709849669 0.026219767754778772 0.03936850599562311 0.08885249014783565 0.15631748644708657 0.03032911237870939 0.027012796321110536 0.03216764700458754 0.056578562755584316 0.03963434691485309 0.04186030155686403 0.041618721176143764 0.06570418941316629 2.0 
0.41651080023582293 3.846264161399615 0.011618600015411531 2.2252297210053785e-05 0.7239752636350961 0.09743198221261277 0.044535507572043075 0.03174841787082251 0.03238019791519663 0.09073429233675133 0.028669684407748905 0.03528720911267181 0.06508313115455262 0.09471065659689402 0.08201520710975775 0.03687605534119364 0.04094761129343695 0.03539520867851252 0.06243071780050187 0.04439191163339342 0.05182512927492023 0.05354760167151352 0.07198947801747625 2.0 
0.4600974497226702 3.520282600344293 0.00874610257293945 1.9434894578626163e-05 0.7455731563948277 0.13315947124547733 0.04387635418641234 0.043596572604824746 0.024647700917016322 0.08662528068995491 0.01969000505871906 0.022947885802234738 0.04782380231775786 0.09298228447191302 0.12852550105167226 0.046445148847558244 0.028293386430672498 0.03531761492198077 0.06042192665921794 0.03277175879740794 0.03673758256203685 0.0450395192453931 0.07109820418974967 2.0 
0.45970742827909505 3.5333253311187307 0.008947155312237432 2.1618648931414767e-05 0.7366700293607642 0.10618970995926838 0.0360392624089741 0.03255055424714968 0.04028080688686257 0.09275435876158045 0.039324064518464735 0.038073103484514974 0.04570355418314619 0.08659315051840746 0.09080191051021275 0.0355994308155965 0.031412915212903236 0.051898994560005164 0.06850718167310693 0.050209592605309994 0.03812928023130081 0.049162984898350706 0.06676914452484534 2.0 
0.46241402758151656 3.4977124365950236 0.007923361257983921 1.8915746191681277e-05 0.7492578607199724 0.1483803228281228 0.040396183005427334 0.033777285758732664 0.028697201040605993 0.06303959535549945 0.04033344993235487 0.0397411310898336 0.0492757050757367 0.08562548675122446 0.12294724686263239 0.03667995239211353 0.026663294317668257 0.032290164208242586 0.07870750485987923 0.031997632646963786 0.03688075600487002 0.04090555973578919 0.06366152813430313 2.0 
0.45977017930814745 3.5194885339752386 0.00974378063613808 2.3471572986862235e-05 0.7444441595981939 0.12016249765211322 0.03664831674674528 0.027996482178998933 0.03150167193233219 0.11667751770480034 0.036435233898335105 0.03532147646442535 0.0343222998437277 0.07432328677813636 0.11144786629110838 0.03115557924354301 0.024798674865127792 0.04538242364211612 0.1043599338375364 0.03680729802960476 0.030891173693664387 0.043876801721947946 0.05789146547573675 2.0 
0.4719694575067145 3.429999814404002 0.017221997223335842 2.2075972265288422e-05 0.7441717096985401 0.10228525607847144 0.029680806160197384 0.0396039941192231 0.0441938972395285 0.10427629787913296 0.03948322395412249 0.035871072706786813 0.03415995065091244 0.08743589490718819 0.08133095008690719 0.03796931413113596 0.03986093248003438 0.04381364918942129 0.09143920280821363 0.04426412321488654 0.03916287044862169 0.039513844332861835 0.06565471961235408 2.0 
0.5263523162424806 3.039703759296591 0.00460306812709271 1.820713886497843e-05 0.7645101982195043 0.055351529175781705 0.03601031039305239 0.041348673504439985 0.0627402662118859 0.0998871123068215 0.05853178021415946 0.044874342736054736 0.04006892147800639 0.0486734323609784 0.057462859164414785 0.042835086329848296 0.054613386714494755 0.06708702388801714 0.07831646041294214 0.05543374676297689 0.0518735834043167 0.04154990660164153 0.06334157834016713 2.0 
0.44648476037373636 3.602604014811762 0.008051953254188778 1.6373660571398712e-05 0.7403024701387262 0.12036202418387194 0.03605590566741194 0.03300811461094878 0.035592076288314574 0.06209837527278734 0.04169472375017338 0.03602397557164217 0.03624569772419898 0.11926092006805594 0.10447772949343324 0.038610550477160936 0.02692086985587853 0.03515035338617846 0.06392930683136945 0.03195550281263212 0.04322658124801074 0.048335755764905404 0.08705153699302579 2.0 
0.4858842548992237 3.3179629996529023 0.010394952810380583 1.8964739410005483e-05 0.7627087544486384 0.13000003863994378 0.048729640311976054 0.05644821474856418 0.036398789611231976 0.05245130083231393 0.027603894649652287 0.034581452645646285 0.041954101813965465 0.07841502881713812 0.1347082629239119 0.055139619992072654 0.028392775493669295 0.03490668891587315 0.0616101282861767 0.03723787878078966 0.03463934661619443 0.041979331264620355 0.06480350565625999 2.0 
0.449069787967252 3.5890892963620296 0.00825657556013887 2.150897384421549e-05 0.751093621650692 0.1374714139495418 0.02649927728662124 0.026951276270146957 0.030919098299425622 0.1073473475459918 0.02953816774728502 0.024288042346204818 0.04691874113303756 0.11196264678304914 0.09570284152806499 0.03148788974041612 0.030743084691837404 0.04027624149033351 0.06453454439950515 0.044352324963840874 0.03914324585050898 0.04835490176743097 0.06350891420675768 2.0 
0.43560632045900977 3.6945158772159092 0.009638608598370083 2.345421823839982e-05 0.736025943087145 0.12939799542678074 0.03326265221766986 0.030047194024767316 0.030782996252118833 0.10670183028717332 0.03197682783803473 0.029223435134752073 0.036420498324508443 0.09775595649221311 0.1010169715574501 0.0409305441922367 0.03618771203390903 0.03662342624631315 0.06836582736590033 0.03900644238382534 0.046864709992984435 0.044768263241997876 0.060666716987364554 2.0 
0.4504468058364205 3.582672191383286 0.009223645866747657 2.192810540460161e-05 0.7470642326931184 0.12306012857530037 0.03740375414662555 0.03485853494114836 0.03431513070504764 0.09566226670771577 0.029979254134405237 0.029767256689572093 0.039930542696987634 0.09460301860077051 0.10880486194077152 0.04073010423038871 0.029400222100286515 0.03112018333041966 0.09322902801683938 0.02576334846881538 0.039482609013924794 0.04504951811137721 0.06684023758960372 2.0 
0.45896595037883126 3.527345746642923 0.01267548495015983 2.109139042045716e-05 0.7490902272854588 0.10286366764526357 0.034697992096035156 0.047162705348732605 0.030210500698718327 0.10218972274557986 0.03188417801184792 0.04445304524963328 0.04170227980696141 0.0747576754276431 0.09517113164075595 0.04056512833142862 0.03992156609521671 0.04648147107049207 0.07035299471557434 0.0415587456226209 0.053800820724842914 0.0385110036206729 0.06371537114798044 2.0 
0.4546409359159051 3.5572154045401363 0.00886215850411921 2.2829969277019396e-05 0.7492476729492624 0.11696355141389672 0.02961057322753249 0.02897260894119298 0.025835119050328866 0.12560564224527246 0.03139151891188598 0.03181334285343405 0.035750534160449675 0.08723742888539954 0.10540143513576514 0.03280965619699348 0.034131758475400134 0.04673298281453119 0.06253535248780666 0.0469026006249382 0.052048259012107155 0.039415745417121256 0.06684189014594386 2.0 
0.45053587393296046 3.544732844923202 0.007599699865628759 1.8204942286239183e-05 0.7576881687812751 0.1505270348268655 0.03230117213177144 0.03190011260824205 0.045292333674326286 0.07261091932000029 0.037246003964925375 0.03345783494123707 0.04263895053058698 0.1134362593487274 0.09255385853717855 0.033961037684494225 0.03346113946063294 0.04152082778724397 0.06905618568049561 0.03295885748952843 0.044475271327276814 0.04414471013595665 0.04845749055051032 3.0 
0.4561870777124746 3.5557291378183398 0.010849341369177357 2.0913857668594624e-05 0.7371868112158674 0.11632012497647291 0.041820200131428495 0.04404429167650222 0.05103956070248901 0.06455048434377773 0.026209413655064365 0.033183679574492274 0.050770092328345715 0.08922662822479051 0.10948580829062454 0.04188028272832642 0.02829046870926223 0.049846262982821396 0.0667186361707722 0.036992908433196185 0.0378349280034601 0.04503539540382164 0.06675083366435233 3.0 
0.4241734697420478 3.8144696639256894 0.00839793234615777 1.968188619127384e-05 0.7172005331457838 0.10995735190911334 0.04521386238333667 0.04328800900824297 0.04400721174682985 0.06787514702999621 0.026877642342317886 0.03682063962177958 0.050527058253688736 0.09588934133420945 0.10858591727763306 0.034019170263447515 0.029519055530359814 0.04409969124713635 0.06904101340154568 0.031303387802049255 0.05234494467657624 0.04906078966284385 0.0615697665088936 3.0 
0.4615364707280102 3.515372640111648 0.014598966744890888 2.130383711992754e-05 0.7386675491104426 0.10358880000565165 0.02517899800675954 0.04013382987261035 0.049658221180402175 0.10278838617010469 0.04704466353292281 0.038324147142744014 0.040505073646153536 0.06648609616531127 0.09024891139333502 0.029687656804429335 0.03503401174419988 0.048278210646253046 0.10155638494237804 0.05120197873247807 0.04095823547016882 0.03240731651145236 0.05691907803264592 3.0 
0.43412541745233174 3.733430992008694 0.010656736847613696 1.961443824482257e-05 0.7280832615659246 0.13056754933116868 0.03768871344292447 0.038936758027868036 0.032766531031619105 0.07055768030229084 0.024650430210264918 0.03979905721306156 0.05644881028238631 0.09744533010875109 0.10516421956232966 0.04253325684316237 0.03678540024123514 0.03369392026466651 0.046650242406594 0.034233847242916136 0.0607682109966998 0.04622934323310629 0.06508069925895542 3.0 
0.4452402697489405 3.6453007818392975 0.010401174611286881 2.1677258934728906e-05 0.7254434927484232 0.08858727621810031 0.03637224897668931 0.03627789011989112 0.036047645228754525 0.08764278109411404 0.04045753246782572 0.03483959603484848 0.0515883398670129 0.07279863364616615 0.1072285670413331 0.04634972853811244 0.028241937020107123 0.03882449981445801 0.06944552128939493 0.04088009174505097 0.041465109713748546 0.05501442984246225 0.08793817134192988 3.0 
0.4408692520506828 3.683651215093557 0.010742203271521847 2.168766818920751e-05 0.7240498255267617 0.10908562740018052 0.03930180875250024 0.03784400649611827 0.044109188958523844 0.0833021377604441 0.03394016740793327 0.03781159686195557 0.052448355747044845 0.08730558036456817 0.09483555731066537 0.03151248078049409 0.031084615574927716 0.043664885216919753 0.07647971998057468 0.050735740986943376 0.0472995221914767 0.04101763435588448 0.058221373852845065 3.0 
0.43330591773950305 3.670462244263714 0.011861156570923317 1.766956276993939e-05 0.729344061473502 0.11016323542413657 0.03202142080347075 0.047272971423185914 0.03807128353630615 0.10513248498339889 0.044163223764939835 0.03506925501504375 0.04445907198723128 0.06143880312293308 0.07958778603423777 0.05404610897872941 0.044650557548323554 0.04861807356468494 0.0785675143876052 0.049919367359738454 0.03715231435272056 0.039967552890497665 0.049698974822816225 3.0 
0.47698447356072793 3.3875125339018872 0.009294860789714017 2.019108188194459e-05 0.7560307221559049 0.11041299257862205 0.04811358089864187 0.03956304297290462 0.03840513194211053 0.07547555598974055 0.035765703158276076 0.03280069584902183 0.047033999550541904 0.07148643644479548 0.1182528984335302 0.049489890375823783 0.03502591626008908 0.03434539312247127 0.06886497202719956 0.04086580406509843 0.0401809045911921 0.042881671810452306 0.07103540992948836 3.0 
0.37236385381071785 4.266268285486144 0.009870012387181043 2.0374937301266128e-05 0.6792320173467645 0.08928064317072476 0.04249024216551709 0.04190542027736664 0.03646348628262908 0.08621194806264458 0.031802908943674255 0.037953654147820946 0.05624601661072869 0.0823758844926638 0.08424902803796185 0.042118735162848586 0.046983728868329966 0.03946312501073632 0.05891244656089341 0.04764009262266106 0.058005475302512925 0.045928765184017326 0.07196839909626881 3.0 
0.44482285790206905 3.6417747569527297 0.009124277112187145 2.282713767246859e-05 0.7330537638583252 0.10822139776146525 0.035094340528783755 0.03532495730664864 0.03727463996574659 0.10431286784633212 0.03482380751018663 0.030756291945805387 0.04620538407317041 0.08609455058638325 0.09492466282683153 0.03743944942930505 0.031818282319275866 0.04346155007938962 0.08058235382599056 0.04246493660560976 0.038430705365641436 0.04952229111630034 0.06324753090713409 3.0 
0.4604659356063824 3.5180593913029408 0.009688564282181867 2.0625432536254392e-05 0.7464761314215022 0.1070851212062167 0.03413863423728379 0.03255371189404996 0.030342296616855623 0.11726133140025052 0.03356692068443086 0.03723910373204389 0.04831091160229143 0.07342460924728537 0.09303225112205331 0.03474699839387695 0.036488785439018456 0.05238764678419789 0.0697775882537827 0.047984427562792205 0.047023312533782974 0.04561993235818651 0.059016416931601035 3.0 
0.39179935236888763 4.076964416918992 0.011938397418779934 1.8984552634799088e-05 0.6991281416535213 0.09564080997832883 0.03373736435550273 0.04498551458783316 0.04715352633541698 0.09842200425099294 0.05035522687508004 0.03374557463364633 0.026830708728818875 0.08186330304062718 0.09221495437799349 0.03755724855674577 0.026832234091775396 0.04415304863532903 0.11022987678904879 0.0460375431187869 0.03305677280544456 0.0358376985342229 0.06134659030440586 3.0 
0.43089669504117495 3.763398574543986 0.014741244513171374 1.9643933266383273e-05 0.716700217275285 0.098822998050205 0.03322908653537661 0.0361571628503336 0.04047851482694595 0.08108774266788456 0.05144947547691993 0.04799030141236041 0.05262070854295931 0.07696264144524471 0.07435046384037755 0.03805531705340966 0.04082886216733279 0.046350138926211856 0.0678984985295063 0.05443039244787922 0.05133282349631571 0.039560153347806104 0.06839471838293046 3.0 
0.4668369190048331 3.4580235073154935 0.007407523594733679 1.837540184299459e-05 0.7476937415593022 0.13689882433680098 0.03947069856235721 0.035758368828849654 0.03506565479531194 0.06896692914121653 0.034513221905826716 0.03122122752810303 0.055232116746167015 0.09059850769033594 0.11422608112156869 0.03633600280273539 0.03203625804425935 0.04006582806989433 0.0627629086367573 0.03710958029598506 0.04403515008135277 0.040240882374929135 0.06546175903754894 3.0 
0.3896571368168686 4.111222392082435 0.011559076822345362 1.9842659648502072e-05 0.6867123306290152 0.09435750865979557 0.03890303147083322 0.0408591561396548 0.04151136361876676 0.09311698330505123 0.03881469847405415 0.03847760181149452 0.04983259637239415 0.06702695180182597 0.09481809862508116 0.03442601748054726 0.04159279818911572 0.04491312239663344 0.08685650936594917 0.04548278398071457 0.0372460129706665 0.03737922941278061 0.07438553592464105 3.0 
0.42822012723657493 3.7603651907632614 0.009592453639241797 2.308461121512861e-05 0.7340629914655894 0.13565771174788893 0.029026511308189517 0.027772943035232325 0.028001987293223063 0.12422247922682936 0.028753130009901366 0.027982926481524156 0.03332597510430528 0.0946224034022551 0.1045621635136343 0.03625320507236987 0.027119857374332583 0.04454088091974293 0.08343527623248673 0.042442608549202246 0.03011763412535018 0.041336519098305935 0.06082578750522618 3.0 
0.46428698292080683 3.491350102323592 0.009577744688722228 2.0565796869299795e-05 0.7422401753613108 0.11415511029128472 0.04543672384684035 0.039608467726201975 0.041923960766335616 0.08375038714157888 0.03394828623873166 0.03406392502170977 0.04605048164601428 0.07138923835075922 0.10910353598038744 0.042044346739086566 0.033201106572341904 0.03663308805228614 0.09685285516454831 0.03434352160432585 0.04328683288581713 0.0339711511931091 0.060236980778640835 3.0 
0.4196398401041946 3.855540884376557 0.0033897451697134013 1.8015349443575292e-05 0.710721021760633 0.09194075521611812 0.04055737948050278 0.030900901655862935 0.031065675772112663 0.06637866701797296 0.03864220744564884 0.043183602206519296 0.06074475914257144 0.08924906980412287 0.09119821885339262 0.04730105204264133 0.03579699507719153 0.036747074161148245 0.06145104036472368 0.03199749083024577 0.039304732091365764 0.051679816487049106 0.11186056235080985 3.0 
0.46198770673451006 3.490425079188299 0.008691677022774612 2.2087105625715257e-05 0.751248064672362 0.11126121783934478 0.03154226802758254 0.036100846752182315 0.03172114345416348 0.10901951792809493 0.03630255973087835 0.040774980575968164 0.03745776693009268 0.06546345649212217 0.11166710906209694 0.04070849985003793 0.032243266009567964 0.04186340877719267 0.08035446929435705 0.042584080567259326 0.03771064098985746 0.04618249218305669 0.06704227553614435 3.0 
0.4496889400072109 3.6116050079726234 0.00900797664014269 2.0778243288238564e-05 0.7290679988154228 0.11433136324585845 0.03849240016226107 0.03752566495181775 0.03964336400988555 0.07343826127573988 0.041356492453505894 0.034006419312220024 0.055374615686228305 0.09235756914924495 0.09596115562374798 0.036953620553764686 0.026960108912338243 0.038132515873367814 0.07966974988874469 0.04271159186603528 0.03608482309191444 0.04774667733738849 0.06925360660593628 4.0 
0.43839198048795675 3.6582761314729857 0.007752092622711563 1.9353469492278275e-05 0.743779494806511 0.1342934927386345 0.03307516998759072 0.029631954458854727 0.03248458368524719 0.09487845634853669 0.026374164860056913 0.03334341516469923 0.04636941242626664 0.1036600480837597 0.10539437841483751 0.03255814152232099 0.02921495431198204 0.03679327426815982 0.06869944652483197 0.03843666783165303 0.04821922249107508 0.04504223473954467 0.06153098214194891 4.0 
0.44593770645921327 3.6314814914332336 0.00856677990520727 2.0160957268965715e-05 0.7400098665438328 0.10502558739863091 0.033681200051147726 0.03963740905952997 0.0589600231391305 0.09295032722983372 0.02423568924815989 0.03429943860169211 0.05068534933896825 0.06978783236849874 0.10635569342188105 0.03540840949866452 0.036231546059472444 0.04565590154284004 0.07490042551379299 0.04578422215304827 0.04954055936287909 0.04357834468008579 0.05328204133174375 4.0 
0.4447201305903582 3.6377746222471523 0.008755283196646741 2.2136242501852826e-05 0.7391236121473271 0.08808431351138463 0.025524715127880276 0.026945354591135656 0.03726040015942358 0.12842555966241734 0.04211176619671724 0.03559904684201615 0.041198365897290694 0.06906063207447957 0.09456144551933826 0.032441636788060293 0.030163496410129588 0.04642404496144983 0.08671630778269239 0.04649307121522676 0.05627829149839683 0.049099009107984225 0.06361254265397666 4.0 
0.45353785024302795 3.564588112111923 0.009294595566288638 1.904613094904124e-05 0.7355558238868941 0.1325055676949023 0.04943864212529911 0.04225118621687442 0.034067661675074454 0.057316869418047374 0.028634751790157956 0.032822205800801044 0.0539254354075365 0.09622911613034607 0.11091293016872414 0.045453435760028325 0.03503497785695882 0.03911005269772112 0.04975850651129462 0.0430947263998222 0.03768319230337062 0.047599365279520967 0.06416137676351992 4.0 
0.4377690795958156 3.712388506894319 0.007952538268022006 2.0484633161088344e-05 0.7235033281175817 0.0994145164294548 0.025872703492231794 0.03267293889401739 0.040241514555377375 0.11472840015657675 0.05236106241572121 0.03790159358039812 0.039622966793202125 0.05791925654373777 0.10096427481568447 0.03643111465921975 0.0305736316292068 0.04630109584380983 0.07753057894891725 0.05701285422770756 0.052413042942823646 0.04861083697004173 0.049427617101871685 4.0 
0.43423330491199563 3.7231236214277015 0.009903029053781527 1.8268835016530793e-05 0.7337691057802024 0.10975068752183441 0.028849033901465555 0.04334724533728499 0.034917411311445844 0.08299621409750184 0.028855654231827503 0.03262910175074592 0.05327871342579824 0.08097378595530787 0.12126572614123858 0.03941388275950374 0.02614556564962696 0.03797469522033277 0.0668590671550525 0.03939724894992177 0.04305740350510908 0.04254827153057282 0.08774029155542946 4.0 
0.45585751355116594 3.56183722348613 0.00825506451658677 2.028367248205112e-05 0.7353031374127851 0.10296779446477647 0.03572049495506669 0.034837381779497405 0.0339127263062581 0.09632469112329917 0.045301957603820636 0.0466122235815091 0.0438903430918167 0.05858569388926757 0.11512206793408836 0.033454130746761866 0.02280931986852141 0.04216689927432707 0.09573236263316329 0.04249295966172062 0.03903607256858777 0.043613080560266713 0.0674197999572509 4.0 
0.42567982301149376 3.797432416455566 0.012494726669390997 2.1008736764191146e-05 0.7201737905919847 0.1332077330053286 0.03829381681122414 0.036340169998959566 0.03892013035792445 0.060465938013566776 0.03955001699185214 0.042684317467777746 0.0557333060561038 0.08571211614659978 0.10121993239070315 0.03991417000482417 0.03685772835573689 0.037380533207748756 0.06513095905140136 0.03723524539812946 0.04468126952073838 0.05005037437264523 0.056622242848735745 4.0 
0.4828883806440434 3.3111873269125853 0.008496812018988843 1.5811671802850537e-05 0.7728722793731395 0.17304890452498642 0.03133826673133963 0.04179125578818584 0.039479600069855014 0.0644670049258005 0.03154325954920585 0.028656671075648246 0.03305110267216993 0.10425490978275628 0.1371769838691015 0.033326178646996676 0.03149430933565261 0.03842211002649248 0.049920235988086065 0.04061435114511334 0.03613817934131278 0.03550486703504981 0.049771809492247236 4.0 
0.4602523261342245 3.5232781239008264 0.007882383022136072 1.908927006365409e-05 0.7419247679383005 0.12778645281126672 0.03823947363019791 0.03921214464458561 0.03778414179189106 0.06469752737715881 0.03946835398106707 0.03706879786587743 0.04554083228943475 0.08976378898578248 0.1118788593820766 0.04214101611627381 0.034856171112740295 0.033781353883573034 0.06301961050232377 0.03669460095240379 0.04864359718365889 0.04103254785485452 0.0683907296348334 4.0 
0.4791301344268141 3.375638783088138 0.009385617082675863 2.0636040933864134e-05 0.7488999164679055 0.1298226586399091 0.03677219877262232 0.026251466561317882 0.028648704638417687 0.09470473405893719 0.02794805053027435 0.030114638593554743 0.05829574143679943 0.09654554781358812 0.10590052696750987 0.030900421345082547 0.029579206689819452 0.04069040291862009 0.06513656166539027 0.03817017135851474 0.04301297154063143 0.04934235928128215 0.0681636371877283 4.0 
0.4911947449679095 3.2825048511888046 0.010248262356944194 1.9131291388209806e-05 0.7509617818785305 0.13146838706205533 0.039040507485383305 0.03785096323200504 0.03214635967466585 0.0884783095420621 0.03240973895698102 0.030615914819100698 0.03848773713280114 0.0945299191320611 0.11091647322470767 0.03547169048690294 0.029502545675800834 0.05051398494136078 0.06953078821615376 0.0459531101864571 0.02664128350001864 0.03412971177541922 0.07231257495606289 4.0 
0.46274732494871273 3.4849971207108643 0.010662383186684103 2.1335030258672224e-05 0.7492267705652528 0.11634589695883078 0.037933731141057615 0.04325566826957015 0.03753643319541042 0.08673481290109364 0.032814033954291146 0.037205167253634645 0.042360559291302946 0.08315653219020412 0.10695451749841148 0.038963046226115336 0.03417485474914081 0.043688794338437587 0.06394387179638539 0.052350430014393566 0.04079875792838928 0.038169952615345046 0.06361293967798595 4.0 
0.4496438661617777 3.5995495644238606 0.008798319955594545 2.105384350509577e-05 0.7400063571570863 0.1130622580100733 0.03263680190937683 0.028900580342578138 0.04314712363550243 0.08565104572599343 0.042417639870341896 0.028898402432654426 0.044389263314755414 0.08621012913571537 0.10853950582503515 0.03880629880575152 0.023970948060916587 0.044687044563170686 0.08239965715751393 0.03593352017791935 0.0359688486735602 0.04058362942404088 0.08379730293510072 4.0 
0.43705050474156193 3.7122433242373476 0.009159124793719999 2.138423628298421e-05 0.7237124839029608 0.12289080555736935 0.038238339514052075 0.0480422543909391 0.037316677545855555 0.08240396745709604 0.04737238209642721 0.04142357889067499 0.036925527356377955 0.06814911536217359 0.10014904383317903 0.04281837490264808 0.04106170878193509 0.05166130287318061 0.07542175257833253 0.03441859416567488 0.03558023728655961 0.05231041694802988 0.0438159204594944 4.0 
0.4504316007673452 3.598852046031357 0.011015108443304113 2.2302029201034014e-05 0.7323890768856774 0.10402125375736102 0.03866854075283933 0.03623697908298684 0.05049332955455547 0.11687430606349351 0.0474589566218652 0.03570048028964829 0.026186956192803194 0.06582401931988939 0.09085809814730354 0.03162272792274282 0.031123266193803942 0.04741573588354507 0.13335634317740622 0.037510124683969685 0.036083280529520506 0.026854276911169237 0.04371132491509703 4.0 
0.4271381421565718 3.7188682934717607 0.008829675934233167 1.5662554902219006e-05 0.7479829224168639 0.1282692218484063 0.036927730476967166 0.03303694426136376 0.03737636807112404 0.06968782100262771 0.04120396590584387 0.054126664625521424 0.04620600845450222 0.08164855345438209 0.10333142240709894 0.03667068097482277 0.028632259863679854 0.03697273943447478 0.08135355743582448 0.03278290828869182 0.05098038505652853 0.03919941327025858 0.06159335516788178 4.0 
0.4542126373772634 3.567192478513892 0.00830508468132304 1.945443996913768e-05 0.740836422381405 0.11273834832735077 0.037836030250152794 0.03674119167490944 0.040462753752075364 0.08159587620708177 0.04352664401477353 0.03794741242366835 0.0446212861753977 0.06880000539886502 0.11932246519973383 0.03806020906495738 0.026123400871749317 0.04476287625939884 0.06457272139587619 0.05126146328241727 0.04838176704266809 0.04141420296595666 0.06183134569296769 4.0 
0.46623086917195733 3.463396467504661 0.008100631485722177 1.667206416103117e-05 0.7521117173607719 0.08060062392872151 0.03855139542352842 0.051432361052132024 0.04297953949131499 0.08981406709858289 0.04903105488018089 0.05019872812841963 0.0397072133893875 0.05725432311760079 0.06797098743427704 0.046461422363049454 0.06134619512965355 0.05437212869904843 0.06929999583650803 0.05191801832503477 0.042494157019823404 0.043691759356141946 0.062876029326595 4.0 
0.46687794671848704 3.4710116447819788 0.00988497804477749 2.0410615133053208e-05 0.744198147425053 0.10549972841376667 0.04845612087963825 0.04645500598102527 0.03566919736490485 0.058123500407792475 0.03602901214026216 0.04106495522555373 0.05918914160328396 0.07495517328086439 0.10910752501715369 0.04551583793513726 0.03326321562549298 0.03847348186502569 0.06423387554073709 0.037485857704649454 0.04576383340186225 0.04314283993286959 0.07757169767998032 5.0 
0.38229228201098514 4.164171518978424 0.010584166608611036 2.094646405963352e-05 0.696179493597327 0.11058132416843616 0.04461029786303262 0.027055264841858894 0.040305630938054435 0.08652001478756464 0.0442435320847582 0.03566648166546496 0.034215600603407094 0.07716752416474461 0.12050897132559527 0.032877344850250664 0.024543894193108203 0.03490441468772695 0.10614602382949966 0.03778752914120033 0.03077462847199352 0.03196871911929089 0.08012280326401307 5.0 
0.45261285069508844 3.5822246800457336 0.009397510771698129 2.008726956772931e-05 0.7323151379309958 0.13311514679626488 0.030856456780353973 0.030732107663827446 0.03680094401018046 0.08515950494226616 0.04296290553705362 0.03229585717702867 0.03685292761332141 0.09477598484999772 0.10784616666544795 0.04118517276372816 0.025244656470853298 0.04006082226806294 0.07031300282265726 0.04731892751271908 0.03410509650361532 0.04376623120563402 0.06660808841698754 5.0 
0.4685109942936853 3.450143848418862 0.010161677858137154 2.1902791858380795e-05 0.747431058065992 0.1112378335026328 0.04066490172878071 0.03237198809383628 0.035716518262292773 0.09246832899619094 0.029754893977821707 0.03214389829708415 0.0517160843894984 0.08465883623363717 0.10776373839091033 0.036724482763077416 0.02764252293580167 0.03154259987803417 0.09758126909253594 0.030697588979746948 0.04184274072628805 0.03974147179214716 0.07573030195968333 5.0 
0.44039646170876623 3.681510251190203 0.011073238605076278 2.3114151085776322e-05 0.7293985585997025 0.10105779660665261 0.030080862728583665 0.04577584134940717 0.040353906725076535 0.11763544639580537 0.054414969541522785 0.03251595040186333 0.03229557360686702 0.053289469161267505 0.09262184228317688 0.0427593962182253 0.03969469788812609 0.04290588215485803 0.107689157910213 0.0451963489030154 0.03814264454758055 0.03893174637562889 0.04463846720212996 5.0 
0.4399079343237586 3.659748654830633 0.0075970561477231285 1.8618092989988404e-05 0.7422815178444382 0.12711898203551159 0.030112522829969905 0.034701689636617274 0.05598878954685164 0.10328057855766513 0.044480252033381996 0.022717914851266008 0.030494327409966937 0.06780239516321317 0.11957718222960376 0.037847950162445514 0.029275600285652206 0.04127081124493809 0.0899483196227339 0.05348810593301772 0.04217885641433122 0.031698108049718364 0.03801761399311577 5.0 
0.4781556644246639 3.357113869514722 0.007539056164421243 1.85902791266775e-05 0.7648693991643295 0.13928228926871936 0.029294156939401614 0.027576437504788144 0.02384101991519356 0.07736100917523334 0.03571730943413204 0.04115346292030282 0.056186847894773656 0.09820632883875376 0.10524448473653387 0.04020395426228649 0.027695159829462405 0.03374539752784201 0.05154516029238995 0.03567894127201945 0.05766803941638025 0.04816583017308689 0.07143417059870018 5.0 
0.47694760150291476 3.3828243498449537 0.017199296288038506 2.0334489100752505e-05 0.7523397702888466 0.09450432542407093 0.03243137664361422 0.061217357363644316 0.06548561088227925 0.08980316323965976 0.03176340688730124 0.027770145660173797 0.033092658111031646 0.07240837544946412 0.09335166985404374 0.04288180107274914 0.05120445762949805 0.04271026747165732 0.0991484749480718 0.0318806076323284 0.04105567551619587 0.035524743476145156 0.05376588273807122 5.0 
0.37869609385452335 4.141567457822496 0.007385712009546346 1.688099494670974e-05 0.7063339654318889 0.08906410816714289 0.031023527063349984 0.04984649952866324 0.04984563815057615 0.07923758632278462 0.043932225555851245 0.03533068548649611 0.029649902803283234 0.08058940234523129 0.10169830646955032 0.04674234242237168 0.047539994922112215 0.04438573955697631 0.05637357385810494 0.04001754560372401 0.04721968693692872 0.04840644146028963 0.07909679334656317 5.0 
0.4568895932099688 3.5367663065965256 0.008291244398352752 1.9881665684871025e-05 0.7451720434666178 0.09917294032422554 0.047125311769811856 0.03194445540416599 0.0349372035469401 0.09410912011989149 0.031737845326680225 0.036046529485905775 0.05125962182249596 0.08676511552034254 0.08930723909006039 0.04256317196463786 0.03579508506907364 0.042813167336242464 0.0672544445638024 0.045653218578170444 0.048799796700621345 0.04520822150768858 0.06950751186924306 5.0 
0.3917849483900949 4.087364197126671 0.010881461385940549 2.076278048652357e-05 0.6979954349634016 0.07755508433593432 0.03091151033914222 0.055234460813073434 0.06296184651342548 0.08447526136512955 0.048475325376397295 0.0376788696939727 0.03368442626696045 0.062258796266562194 0.10371710181338778 0.03533673462981811 0.027218186555630006 0.03809377740088717 0.12369101494015834 0.04449063623823635 0.032134006835838724 0.03592976100672578 0.06615319960872 5.0 
0.4743348674509526 3.3866322403611626 0.007982436734442046 2.048100253555471e-05 0.7649256576654259 0.1253569838631929 0.035019947981638565 0.03239014234409635 0.03887867250818731 0.08880556869607692 0.03240407463550332 0.03771309181945456 0.04480887136064075 0.06643739151845603 0.13312698878846235 0.03365031892757524 0.03292373568832693 0.03491969739575419 0.07245145685860815 0.036450384638664214 0.05214507896855151 0.037671737805584124 0.0648458562012267 5.0 
0.4944177408352491 3.241186641629209 0.014693543228475632 1.829205974807017e-05 0.7658208642856547 0.08072231405337496 0.03710569406736017 0.04256824196181833 0.028873849467039803 0.10786755581326349 0.034550192551984826 0.04015146011584682 0.05762923075108768 0.06634358576274914 0.08576751921002194 0.04991923940660364 0.03539635446419604 0.04056428997804835 0.05772250630206167 0.0612109431727566 0.05982542584191049 0.04874216034625718 0.06503943673361891 5.0 
0.3958114691034944 4.044201837993766 0.010256395469783153 2.2614946078715763e-05 0.712516268615154 0.09781782283128083 0.035832262063410114 0.030679508356664227 0.029795240330514394 0.11384477860264182 0.02680025275549548 0.03320636616720978 0.037700648981847516 0.09940700697323192 0.09907353544094495 0.03164680990474579 0.029085058597051502 0.04614551885869115 0.07401210161219104 0.04369462122904228 0.044022413690095796 0.03952785094577286 0.08770820265916796 5.0 
0.46541911437494693 3.482176114294748 0.007903928167276785 1.8920564007522257e-05 0.7463339315187028 0.12906434550078927 0.03751787069765986 0.038051679732969586 0.03176091072996608 0.06520635104413279 0.04228984064435519 0.04018833315685261 0.04231919518219704 0.09798584214743328 0.1040035181673051 0.038177183629792326 0.030112657324604452 0.043813819908717765 0.07124396154223174 0.033545828783648826 0.03714398787709914 0.03984985221729212 0.07772482171295274 5.0 
0.40562477499748284 3.965941058839148 0.010229274549602667 2.3668519992379773e-05 0.7118319140382957 0.1154382951347327 0.02858764240661675 0.03266099936989165 0.02642292165121683 0.11094236647547745 0.035245909413110114 0.04180342449062681 0.040394252639962026 0.10024821544639571 0.07762203919357229 0.03372108812351371 0.03028238531597119 0.04344042409721164 0.09378934163348585 0.037503091157712096 0.03398797040134954 0.042987378515906984 0.07492225453324655 5.0 
0.38754786297346344 4.112101946278067 0.010106028387027486 2.0550329803270158e-05 0.7042455872012339 0.0903030535263892 0.04182816949902631 0.04987568073236178 0.05311485575536384 0.07055866772152111 0.03858004119226876 0.03544290636602801 0.04747713171896728 0.07960890958588242 0.09022265675723604 0.04399016652249955 0.0415524220338736 0.040631142320366534 0.0845967220510044 0.03583853981699146 0.043864827131743785 0.04299069502370878 0.06952341224476728 5.0 
0.4557531496370418 3.5635653328119776 0.010450787207915329 1.9573263799619594e-05 0.7331386386300544 0.12366486598343347 0.04701051644415992 0.037328986287962836 0.03387605607056376 0.07293523141115604 0.02948815135516739 0.036831060980083374 0.04835245545038213 0.07475785557738968 0.1347539010017453 0.03332046555448126 0.03076333764890885 0.03568310521713505 0.06813472472647268 0.04742305107482086 0.03479209882293555 0.03600066802850891 0.07488346836469338 5.0 
0.4368927118606975 3.7133727851301366 0.009044315899288188 1.9896273182834414e-05 0.7244181421038047 0.11408819058930694 0.04833485628746241 0.0457992588613067 0.03908771484014072 0.06372769517202949 0.04300595161529239 0.04095012958927547 0.045766298906470895 0.07997360539409522 0.10241748175221357 0.044943863412771144 0.03169685693289651 0.04554353349210015 0.07082177535773766 0.04174449214306111 0.03952589004426185 0.04153940222258332 0.06103300338699489 5.0 
0.4683396423339359 3.458604067226392 0.008778700721841143 1.9221248537629528e-05 0.7454752912373953 0.12184238942862334 0.041432813113995874 0.032851820560271375 0.036823311910656034 0.07973090676621748 0.03704740121617476 0.031177442969003058 0.04581600244381272 0.08453453729342313 0.12111044802782825 0.03515696845502909 0.026177685499053065 0.04322962298173872 0.07239331765306185 0.037179939945465576 0.038266911233308464 0.04111253133076924 0.07411594917156752 5.0 
